BOOSTED_TEMP 1 12 32 0.0044185426427455939
15
0 -0.20499999821186066 1 8 0
0 -1.5649999976158142 2 5 0
0 -2.4750000238418579 3 4 0
-1 0 -1 -1 -0.49510887409146265
-1 0 -1 -1 -0.28680435776209262
0 -0.83499997854232788 6 7 0
-1 0 -1 -1 -0.16986659012626629
-1 0 -1 -1 -0.072347148281380766
0 1.0249999761581421 9 12 0
0 0.45499999821186066 10 11 0
-1 0 -1 -1 0.016665525607118502
-1 0 -1 -1 0.10525460590329504
0 1.9450000524520874 13 14 0
-1 0 -1 -1 0.20209758531400765
-1 0 -1 -1 0.40304116193777251
15
0 0.014999999664723873 1 8 0
0 -1.2949999570846558 2 5 0
0 -2.2350000143051147 3 4 0
-1 0 -1 -1 -0.36850323384410455
-1 0 -1 -1 -0.19795928609740723
0 -0.54500001668930054 6 7 0
-1 0 -1 -1 -0.10694150700062477
-1 0 -1 -1 -0.029333068264177666
0 1.1850000023841858 9 12 0
0 0.57499998807907104 10 11 0
-1 0 -1 -1 0.03457757933954303
-1 0 -1 -1 0.099216355262966516
0 2.5749999284744263 13 14 0
-1 0 -1 -1 0.1906732256530777
-1 0 -1 -1 0.41645448765532445
15
0 0.11499999836087227 1 8 0
0 -1.0149999856948853 2 5 0
0 -3.0749999284744263 3 4 0
-1 0 -1 -1 -0.4133197027830196
-1 0 -1 -1 -0.15374888652823376
0 -0.42499999701976776 6 7 0
-1 0 -1 -1 -0.067431572912821619
-1 0 -1 -1 -0.014884251857030632
0 1.5349999666213989 9 12 0
0 0.77499997615814209 10 11 0
-1 0 -1 -1 0.040541974520278135
-1 0 -1 -1 0.10451578622123317
0 2.8199999332427979 13 14 0
-1 0 -1 -1 0.19032818898101761
-1 0 -1 -1 0.38149394726711766
15
0 -0.29500000178813934 1 8 0
0 -1.8049999475479126 2 5 0
7 34.914999008178711 3 4 0
-1 0 -1 -1 -0.19437705354024859
-1 0 -1 -1 -0.48723731459241792
7 29.574999809265137 6 7 0
-1 0 -1 -1 -0.047986316423524626
-1 0 -1 -1 -0.10408052492661123
0 0.86500000953674316 9 12 0
0 0.28499999642372131 10 11 0
-1 0 -1 -1 -0.00094990525225232408
-1 0 -1 -1 0.043768805039392331
0 1.8049999475479126 13 14 0
-1 0 -1 -1 0.093237774322614944
-1 0 -1 -1 0.20513588236268038
15
0 -0.014999999664723873 1 8 0
0 -1.1649999618530273 2 5 0
5 -0.66500002145767212 3 4 0
-1 0 -1 -1 -0.047340858858457777
-1 0 -1 -1 -0.15631329641961383
0 -0.625 6 7 0
-1 0 -1 -1 -0.055732983184411611
-1 0 -1 -1 -0.016680676887940168
0 1.3049999475479126 9 12 0
5 1.1349999904632568 10 11 0
-1 0 -1 -1 0.041647612075777801
-1 0 -1 -1 -0.034143155495935516
3 0.77499997615814209 13 14 0
-1 0 -1 -1 0.092127419305962452
-1 0 -1 -1 0.19928697861846789
15
0 0.22500000149011612 1 8 0
0 -1.8049999475479126 2 5 0
7 33.495000839233398 3 4 0
-1 0 -1 -1 -0.12604668165209684
-1 0 -1 -1 -0.31392325374769309
0 -0.64499998092651367 6 7 0
-1 0 -1 -1 -0.052458344583118155
-1 0 -1 -1 -0.009748641886422129
0 2.2350000143051147 9 12 0
5 1.1449999809265137 10 11 0
-1 0 -1 -1 0.051477479647081749
-1 0 -1 -1 -0.02123591952352159
2 0.45499999821186066 13 14 0
-1 0 -1 -1 0.11279122989739901
-1 0 -1 -1 0.28198055998294325
15
0 0.46500000357627869 1 8 0
0 -0.9050000011920929 2 5 0
0 -3.2749999761581421 3 4 0
-1 0 -1 -1 -0.24378954451870427
-1 0 -1 -1 -0.061818403447261527
1 1.2549999952316284 6 7 0
-1 0 -1 -1 -0.011523902565267731
-1 0 -1 -1 0.033212015987705831
2 0.3449999988079071 9 12 0
7 24.97499942779541 10 11 0
-1 0 -1 -1 0.076126176131977946
-1 0 -1 -1 -0.0061705027935884012
0 2.9750000238418579 13 14 0
-1 0 -1 -1 0.08016919547720186
-1 0 -1 -1 0.31727382466655946
15
0 -0.29500000178813934 1 8 0
0 -2.0249999761581421 2 5 0
5 -0.66500002145767212 3 4 0
-1 0 -1 -1 -0.027359664588537433
-1 0 -1 -1 -0.16885347679164245
5 -0.77499997615814209 6 7 0
-1 0 -1 -1 0.026259198104321087
-1 0 -1 -1 -0.036996697832477728
0 0.79500001668930054 9 12 0
1 1.2649999856948853 10 11 0
-1 0 -1 -1 0.0010615542177391118
-1 0 -1 -1 0.047178074085840654
5 1.5950000286102295 13 14 0
-1 0 -1 -1 0.062996719908473428
-1 0 -1 -1 -0.036997469025222232
15
0 0.07499999925494194 1 8 0
7 30.02500057220459 2 5 0
1 0.81499999761581421 3 4 0
-1 0 -1 -1 -0.015207770592145143
-1 0 -1 -1 0.063216926689463396
0 -1.7150000333786011 6 7 0
-1 0 -1 -1 -0.14442223786173913
-1 0 -1 -1 -0.045470863291459523
0 1.6649999618530273 9 12 0
5 1.125 10 11 0
-1 0 -1 -1 0.023525228979401739
-1 0 -1 -1 -0.029020930141551011
1 -0.54500001668930054 13 14 0
-1 0 -1 -1 0.013502516719205418
-1 0 -1 -1 0.11003377938848871
15
0 -0.54500001668930054 1 8 0
5 -0.81499999761581421 2 5 0
0 -4.1200001239776611 3 4 0
-1 0 -1 -1 -0.21776060619611104
-1 0 -1 -1 0.028835108103200897
0 -2.5549999475479126 6 7 0
-1 0 -1 -1 -0.15823186110008816
-1 0 -1 -1 -0.036539099820914252
0 0.71500000357627869 9 12 0
5 -0.27500000596046448 10 11 0
-1 0 -1 -1 0.018099786335527574
-1 0 -1 -1 -0.0082492038676637552
7 21.875 13 14 0
-1 0 -1 -1 0.12351729626432593
-1 0 -1 -1 0.02790533378097498
15
0 -0.80500000715255737 1 8 0
5 -1.8949999809265137 2 5 0
9 10.235000133514404 3 4 0
-1 0 -1 -1 0.14142417860168141
-1 0 -1 -1 0.021282679254975317
7 30.875 6 7 0
-1 0 -1 -1 -0.024107726752717915
-1 0 -1 -1 -0.094148758187663689
1 1.2649999856948853 9 12 0
5 -0.21499999612569809 10 11 0
-1 0 -1 -1 0.017523972131263544
-1 0 -1 -1 -0.015057848854714074
7 28.994999885559082 13 14 0
-1 0 -1 -1 0.14810680392888129
-1 0 -1 -1 0.029355422519247189
15
0 0.66500002145767212 1 8 0
7 29.574999809265137 2 5 0
1 0.78499999642372131 3 4 0
-1 0 -1 -1 -0.0046752638276573505
-1 0 -1 -1 0.073948418556012543
1 1.4950000047683716 6 7 0
-1 0 -1 -1 -0.047581260029080377
-1 0 -1 -1 0.018429609264677484
0 3.5249999761581421 9 12 0
5 0.95499998331069946 10 11 0
-1 0 -1 -1 0.031707351863627956
-1 0 -1 -1 -0.024943293020031638
1 -0.10000000149011612 13 14 0
-1 0 -1 -1 0.072704729616156968
-1 0 -1 -1 0.25666829304900712
15
0 -1.4550000429153442 1 8 0
5 -0.98500001430511475 2 5 0
0 -4.1200001239776611 3 4 0
-1 0 -1 -1 -0.12880923764200383
-1 0 -1 -1 0.038327023924225656
0 -4.1749999523162842 6 7 0
-1 0 -1 -1 -0.329822264468701
-1 0 -1 -1 -0.054845799176708121
1 0.94499999284744263 9 12 0
5 -0.18500000238418579 10 11 0
-1 0 -1 -1 0.0096475559318968725
-1 0 -1 -1 -0.0193529824015496
7 28.195000648498535 13 14 0
-1 0 -1 -1 0.16157277952425586
-1 0 -1 -1 0.016981919867245412
15
1 -0.44499999284744263 1 8 0
5 -0.3449999988079071 2 5 0
3 -0.25499999523162842 3 4 0
-1 0 -1 -1 0.0043045481942003442
-1 0 -1 -1 -0.029524349409103513
0 -0.79500001668930054 6 7 0
-1 0 -1 -1 -0.13700264160154707
-1 0 -1 -1 -0.044895289450818769
7 29.164999961853027 9 12 0
1 0.41499999165534973 10 11 0
-1 0 -1 -1 0.0098458780725744228
-1 0 -1 -1 0.072184181451052612
1 1.2849999666213989 13 14 0
-1 0 -1 -1 -0.031890945919151883
-1 0 -1 -1 0.017412175180003445
15
7 37.444999694824219 1 8 0
1 1.2849999666213989 2 5 0
7 28.984999656677246 3 4 0
-1 0 -1 -1 0.0038808260826263038
-1 0 -1 -1 -0.024064562374414362
5 0.5949999988079071 6 7 0
-1 0 -1 -1 0.12548004914251495
-1 0 -1 -1 0.016560038165940979
0 0.4699999988079071 9 12 0
1 2.6550000905990601 10 11 0
-1 0 -1 -1 -0.13011267423569992
-1 0 -1 -1 -0.0062361566887476705
4 1.0900000333786011 13 14 0
-1 0 -1 -1 0.042335039378782122
-1 0 -1 -1 -0.086138572868397392
15
0 1.4550000429153442 1 8 0
5 -0.375 2 5 0
1 0.32500000298023224 3 4 0
-1 0 -1 -1 0.008159179159871098
-1 0 -1 -1 0.11594876908516921
1 -0.3449999988079071 6 7 0
-1 0 -1 -1 -0.038999054033841039
-1 0 -1 -1 -0.0020726864455361134
7 24.105000495910645 9 12 0
1 -0.36500000953674316 10 11 0
-1 0 -1 -1 0.072195911800715343
-1 0 -1 -1 0.14099171375798059
3 0.5949999988079071 13 14 0
-1 0 -1 -1 -0.022834002415045299
-1 0 -1 -1 0.069162559372252741
15
5 1.3049999475479126 1 8 0
1 -0.22500000149011612 2 5 0
5 -0.24499999731779099 3 4 0
-1 0 -1 -1 -0.00058570205490972023
-1 0 -1 -1 -0.033618231870869424
7 28.984999656677246 6 7 0
-1 0 -1 -1 0.030354934796089601
-1 0 -1 -1 -0.0026164344181920244
3 -0.21499999612569809 9 12 0
4 1.4750000238418579 10 11 0
-1 0 -1 -1 -0.018982248482427432
-1 0 -1 -1 0.03275544438774991
1 2.2649999856948853 13 14 0
-1 0 -1 -1 -0.086413908618277691
-1 0 -1 -1 0.011780796073655925
15
0 -0.10500000044703484 1 8 0
5 -1.3250000476837158 2 5 0
5 -2.1350001096725464 3 4 0
-1 0 -1 -1 0.087325269606929795
-1 0 -1 -1 0.027070972776054081
0 -2.875 6 7 0
-1 0 -1 -1 -0.11363057665553658
-1 0 -1 -1 -0.011603713567886365
7 24.105000495910645 9 12 0
5 -0.55500000715255737 10 11 0
-1 0 -1 -1 0.092636794918962068
-1 0 -1 -1 0.026002855234870087
8 3.4750000238418579 13 14 0
-1 0 -1 -1 -0.0086233453495843729
-1 0 -1 -1 0.025445999064217035
15
1 -0.48499999940395355 1 8 0
5 -0.20499999821186066 2 5 0
5 -2.3549998998641968 3 4 0
-1 0 -1 -1 0.055618148847847465
-1 0 -1 -1 -0.014004542149024022
11 0.60355338454246521 6 7 0
-1 0 -1 -1 -0.084246293959512539
-1 0 -1 -1 0.035058644660855974
5 -0.26500000059604645 9 12 0
1 0.71500000357627869 10 11 0
-1 0 -1 -1 0.021258846956733468
-1 0 -1 -1 0.18584278708657398
0 2.9750000238418579 13 14 0
-1 0 -1 -1 -0.0037311343156518455
-1 0 -1 -1 0.15363265766759937
15
7 37.444999694824219 1 8 0
1 0.95499998331069946 2 5 0
7 28.164999961853027 3 4 0
-1 0 -1 -1 0.003513521300931733
-1 0 -1 -1 -0.022746708578761526
5 0.55500000715255737 6 7 0
-1 0 -1 -1 0.081559664875808194
-1 0 -1 -1 0.0043749439833153493
2 2.5849999189376831 9 12 0
6 35.559999465942383 10 11 0
-1 0 -1 -1 -0.14810931775794356
-1 0 -1 -1 -0.057376296445329315
7 38.485000610351562 13 14 0
-1 0 -1 -1 0.060755836364295372
-1 0 -1 -1 -0.04674356468554014
11
0 -4.1749999523162842 1 4 0
11 -0.12940952181816098 2 3 0
-1 0 -1 -1 -0.083950957727054909
-1 0 -1 -1 -0.24372951058476647
1 -0.33500000834465027 5 8 0
5 -0.26500000059604645 6 7 0
-1 0 -1 -1 -0.0039329675078497335
-1 0 -1 -1 -0.031079934101579301
7 28.36500072479248 9 10 0
-1 0 -1 -1 0.016562198644751731
-1 0 -1 -1 -0.0074440836031503992
13
0 2.8199999332427979 1 8 0
7 35.825000762939453 2 5 0
1 1.5249999761581421 3 4 0
-1 0 -1 -1 -0.0016088604130711998
-1 0 -1 -1 0.035174688577848265
1 2.3049999475479126 6 7 0
-1 0 -1 -1 -0.064272021590883494
-1 0 -1 -1 0.014313137140855196
1 -0.71500000357627869 9 10 0
-1 0 -1 -1 -0.028115549568095963
7 23.329999923706055 11 12 0
-1 0 -1 -1 0.17756224797780557
-1 0 -1 -1 0.081893776938246954
15
5 1.5750000476837158 1 8 0
1 1.5249999761581421 2 5 0
7 30.054999351501465 3 4 0
-1 0 -1 -1 0.0028875915964452596
-1 0 -1 -1 -0.019677151976202827
3 -0.085000000894069672 6 7 0
-1 0 -1 -1 0.1704332990197083
-1 0 -1 -1 0.029510232941618787
3 -0.16499999910593033 9 12 0
9 -6.5099999904632568 10 11 0
-1 0 -1 -1 0.051804754590278307
-1 0 -1 -1 -0.0052363881689526954
1 2.1750000715255737 13 14 0
-1 0 -1 -1 -0.11247095846719163
-1 0 -1 -1 -0.012505838211317524
15
0 0.35500000417232513 1 8 0
7 35.184999465942383 2 5 0
11 0.60355338454246521 3 4 0
-1 0 -1 -1 -0.0087162078706928391
-1 0 -1 -1 0.011027418007830575
1 2.5249999761581421 6 7 0
-1 0 -1 -1 -0.070050334520949012
-1 0 -1 -1 0.03339154105982884
7 21.47499942779541 9 12 0
5 -0.56499999761581421 10 11 0
-1 0 -1 -1 0.12953930648893341
-1 0 -1 -1 0.049267468613600478
1 0.3449999988079071 13 14 0
-1 0 -1 -1 -0.0029206187714536265
-1 0 -1 -1 0.027821169799113157
15
5 0.99500000476837158 1 8 0
11 0.78656607866287231 2 5 0
5 -0.16499999910593033 3 4 0
-1 0 -1 -1 0.0059777449380099892
-1 0 -1 -1 -0.015171810537387725
7 27.464999198913574 6 7 0
-1 0 -1 -1 0.15838565766371746
-1 0 -1 -1 0.015129869037847701
3 -0.16499999910593033 9 12 0
0 -0.74500000476837158 10 11 0
-1 0 -1 -1 0.065133173713887535
-1 0 -1 -1 0.006066029283987911
1 2.0749999284744263 13 14 0
-1 0 -1 -1 -0.064865236085179231
-1 0 -1 -1 0.0076738891350081329
15
0 -1.6850000023841858 1 8 0
5 -0.53499999642372131 2 5 0
5 -2.0449999570846558 3 4 0
-1 0 -1 -1 0.09166701012578099
-1 0 -1 -1 -0.0036009283121035233
4 0.81499999761581421 6 7 0
-1 0 -1 -1 -0.068971638415174855
-1 0 -1 -1 0.003797807257529737
1 0.4050000011920929 9 12 0
7 27.105000495910645 10 11 0
-1 0 -1 -1 0.0031968538308929741
-1 0 -1 -1 -0.018971584827686995
5 0.26500000059604645 13 14 0
-1 0 -1 -1 0.061432155280926548
-1 0 -1 -1 -0.0041230175975663311
15
5 -0.41499999165534973 1 8 0
1 0.004999999888241291 2 5 0
8 -0.74500000476837158 3 4 0
-1 0 -1 -1 0.02025924962961094
-1 0 -1 -1 -0.014573626061037237
11 0.12940952181816104 6 7 0
-1 0 -1 -1 0.041609553325830134
-1 0 -1 -1 0.12086421075604631
11 0.37940952181816101 9 12 0
5 -0.085000000894069672 10 11 0
-1 0 -1 -1 -0.0063743706188712015
-1 0 -1 -1 -0.060520409426350591
7 28.36500072479248 13 14 0
-1 0 -1 -1 0.025250064771157585
-1 0 -1 -1 -0.0080789568304819488
15
1 -0.48499999940395355 1 8 0
6 23.824999809265137 2 5 0
0 -0.68500000238418579 3 4 0
-1 0 -1 -1 -0.1003743140914444
-1 0 -1 -1 -0.011044549090054567
7 22.304999351501465 6 7 0
-1 0 -1 -1 0.072983312265583078
-1 0 -1 -1 -0.0089277535310558209
5 -0.30500000715255737 9 12 0
7 25.144999504089355 10 11 0
-1 0 -1 -1 0.047548034845840602
-1 0 -1 -1 0.0098357899221175882
1 0.85500001907348633 13 14 0
-1 0 -1 -1 -0.007150027455768918
-1 0 -1 -1 0.010659444445048854
15
5 1.125 1 8 0
1 -0.17500000447034836 2 5 0
3 -0.10500000044703484 3 4 0
-1 0 -1 -1 -0.0013542106813304374
-1 0 -1 -1 -0.025815273267326438
7 29.164999961853027 6 7 0
-1 0 -1 -1 0.024402224874237495
-1 0 -1 -1 -7.3376861428310952e-06
2 -0.18500000238418579 9 12 0
1 0.34000000357627869 10 11 0
-1 0 -1 -1 0.0068586014790868732
-1 0 -1 -1 0.073134784767205654
1 1.8450000286102295 13 14 0
-1 0 -1 -1 -0.051876769254745381
-1 0 -1 -1 0.00096660641591810351
15
5 -1.7350000143051147 1 8 0
10 0.91597560048103333 2 5 0
9 8.5749998092651367 3 4 0
-1 0 -1 -1 0.073117593023163577
-1 0 -1 -1 0.011538386518443688
7 32.665000915527344 6 7 0
-1 0 -1 -1 0.1958544748927501
-1 0 -1 -1 0.086265188518448013
1 -0.625 9 12 0
11 -0.78656607866287231 10 11 0
-1 0 -1 -1 -0.005510612337646912
-1 0 -1 -1 -0.044761941984522012
5 -0.33500000834465027 13 14 0
-1 0 -1 -1 0.014851004700919004
-1 0 -1 -1 -0.0021677244436113813
15
0 -0.50499999523162842 1 8 0
10 -0.78656607866287231 2 5 0
1 -0.64499998092651367 3 4 0
-1 0 -1 -1 -0.12313411438677191
-1 0 -1 -1 -0.033145456097165217
3 -0.034999999217689037 6 7 0
-1 0 -1 -1 0.014525272673254146
-1 0 -1 -1 -0.022628060449799071
7 24.47499942779541 9 12 0
5 -0.60500001907348633 10 11 0
-1 0 -1 -1 0.061842431036087754
-1 0 -1 -1 0.012279000361009748
1 0.22500000149011612 13 14 0
-1 0 -1 -1 -0.0076117214939836857
-1 0 -1 -1 0.01148678473771891
15
5 -2.1350001096725464 1 8 0
9 10.244999885559082 2 5 0
4 -1.7549999952316284 3 4 0
-1 0 -1 -1 0.14683636191911018
-1 0 -1 -1 0.043171898178037335
4 -1.9500000476837158 6 7 0
-1 0 -1 -1 0.050526449772354577
-1 0 -1 -1 -0.0091972059857637883
0 -4.2400000095367432 9 12 0
4 -1.1050000190734863 10 11 0
-1 0 -1 -1 -0.079529645464412324
-1 0 -1 -1 -0.19506330254650273
5 1.5950000286102295 13 14 0
-1 0 -1 -1 0.0010560475876338689
-1 0 -1 -1 -0.020558465805199846
