RBF_TEMP 1 12 16 0.01 2.7535432226798586
0.0044040681065021159 0.00019350169504437582 0.00021940349674322941 0.00021940349674322941 -4.4566335275968392e-05 1.1808174303889166e-05 27.220741248619206 27.216400792290408 0.0012257646745133914 0.0027154991810459787 5.5838411849635731e-05 -9.6714966337620148e-05
1.0325222653189825 0.93714964538907541 0.93714742856693012 0.93714742856693012 0.93679403232372715 0.93686564254266136 3.5731164537509468 3.575646904153357 4.5182190669471778 5.9164583069695755 0.70712517522730833 0.70708837784822587
-1.0582765790883848 -0.48416889907867977 -0.54022591628885108 -0.59529885112559733 -0.20880202787118532 -0.37314004253014449 -1.3687356083707762 -1.3230527969403685 -0.85679356059483136 -1.3775864166833007 -1.2571651458747717 -0.1564816587289766
0.23744378578802353 0.21697871962344747 -0.23716398645741935 -0.29310009700703193 2.3663305220460247 2.2328953162632752 -1.0297797856239237 0.45428299288991431 -0.2915054843004532 -0.9716903594856362 -0.58387141481883043 1.2628115924681229
0.96122249308845953 -0.073027002283288137 0.23719806542782168 0.55838934766788517 -0.89802416365266513 -0.6475172439721405 0.9477450173068418 0.16733319391650373 0.89498105602410349 1.1202630113116878 1.3395402596885211 -0.20298001373437158
0.19613901221670221 2.5786840645745075 1.8215839719498963 0.45413329011527553 1.4993037290219304 2.0158716712708387 0.18137089507260931 1.6870226941588502 0.82431251543084394 0.1567418727622554 0.23686753839182034 1.3811017903866682
0.34058597123958739 -1.3376307343543534 -0.98563073439909676 -0.56607993545789026 -0.45367314067252179 -0.64777535569977496 0.24286033954459071 -0.41792659488042627 -0.55450462817309498 0.71946336070602857 0.63363870401956501 -1.2305826382959999
0.26474966396275768 -0.27481437872229442 -0.29094731471329516 -0.31899804287267297 -0.1535881666782648 -0.23019452300114882 -0.66135793983450253 -0.90615571198307909 -0.51432017680347719 -1.0961517988268585 -1.3226380091256118 -0.15351582457721477
0.17690911343566401 2.1237280006899111 2.5893896539558274 2.6777112646728738 0.4773571261622675 1.0333779957458085 1.7311745813705237 2.4838849422434377 2.1165378440125764 1.2453113445061905 0.92063361921380693 1.0345891816630621
0.56530061210138882 1.1759318255410878 1.4862454386363171 1.5540245292941182 0.17507717245719925 0.46475442182172216 0.5493545810387882 0.75537367600187011 1.2691072981110245 0.71668045990087847 0.88819271013313406 1.0279374510125843
-0.011147477537510294 -0.41174682692371212 -0.59964754549911492 -0.87431920291292953 -0.30407461907102101 -0.32430983287517046 -0.38957536388361352 -0.64424695528844622 -1.0300591145168585 -0.43963141331930805 -0.54654966766864144 -1.2371887882673009
-0.084603036167908444 -0.15692090082246701 -0.20806242787293019 -0.23753657546127724 1.2709914216622962 0.56422744621968846 -0.89157357304431428 -0.36473331511909007 -0.30076539953847231 -0.92605152350293618 -0.98502513624080013 0.97040747524997806
0.3461071840843653 0.73529112402142471 1.2912655373222119 1.8269171123274976 -0.99662233111530052 -0.40894667265655971 2.5034025030086235 2.0749371561113463 2.3147795751161486 1.8332616780190334 1.3563119163249671 0.27913053110005698
-0.21097310994645613 1.2272233064286411 0.57821782234448482 0.044214865646243363 0.93015436629601056 1.2322793670017045 -0.42299462567243029 0.5726628938728624 0.26556136393461766 -0.094596959948383255 -0.010965003617054266 1.3860120717848328
-1.141432908054564 0.52805177375918022 0.77462763082095054 0.98945451419759778 -0.32388710777514895 -0.022604992824725931 0.60076682539702986 0.91591987117405671 1.0797287535474362 0.72416569826941191 1.1944488258386647 0.60209871988917363
-1.0599583808426261 -0.55141734226825911 -0.2924520270370195 -0.033691588118992526 -1.0175863784216679 -1.1720212232652512 0.51095070587643743 -0.016958380314951643 0.16592171352475948 0.83602186109483434 1.1519214071995829 -0.72333671799481525
-0.11424649159143643 -1.4461911945359642 -2.0569150863703105 -2.0240781583924896 -0.53795121424184078 -0.7064569212872166 0.13640905287321431 -0.40732776366013107 -1.6420637979205681 0.2019563399161112 0.028438110173443925 -1.3772637172518203
0.081692604728479654 -0.83091841957852808 -0.23131261820455498 0.35720376014974808 -2.1665437903935456 -2.1522214593277416 2.2138990872458857 0.65378850804675348 0.76267153969509593 1.8543583866257956 1.2069811378560467 -0.67426107341059582
-32.509190140262596 -13.773039017242073 14.723299892532474 -22.430815421576725 -33.765492867491488 13.183337599795669 9.7382322848579079 11.978609203051544 7.0041250468238241 14.893441538480754 1.5564725269577675 40.438401841981609 -60.051996601575361 48.147593391279408 6.1426294710761082 -12.514454459184989
